None
None
0.00
0.00
0.00
0.00
0.00
0.00
0.00
0.00
0.00
0.00
0.00
0.00
0.00
0.00
0.00
000
0.00
0.00
0.00
0.00
0.00
0.00
0.00
0.00
0.00
0.00
0.00
0.00
0.00
0.00
-0.00
000
-0.00
-0.00
-0.00
-0.00
-0.00
-0.00
000
-0.00
-0.00
-0.00
-0.00
-0.00
0.00
-0.00
-0.00
-0.00
-0.00
-0.00
0.00
-0.00
-0.00
-0.00
-0.00
-0.00
-0.00
-0.00
-0.00
-0.00
-0.00
-0.00
000
0.00
0.00
-0.00
-0.00
-0.00
0.00
000
-0.00
-0.00
0.00
0.00
-0.00
0.00
0.00
0.00
-0.00
0.00
0.00
0.00
0.00
0.00
0.00
0.00
0.00
0.00
0.00
000
0.00
000
0.00
0.00
0.00
0.00
0.00
000
0.00
0.00
0.00
0.00
0.00
0.00
0.00
0.00
0.00
0.00
0.00
0.00
0.00
0.00
0.00
0.00
0.00
0.00
0.00
0.00
0.00
0.00
0.00
0.00
0.00
0.00
0.00
0.00
0.00
0.00
0.00
0.00
0.00
0.00
0.00
0.00
0.00
0.00
0.00
0.00
0.00
0.00
0.00
0.00
0.00
0.00
0.00
0.00
0.00
0.00
0.00
0.00
0.00
0.00
0.00
0.00
0.00
0.00
0.00
0.00
000
0.00
0.00
0.00
0.00
0.00
0.00
0.00
0.00
0.00
0.00
0.00
000
0.00
0.00
0.00
0.00
0.00
0.00
0.00
0.00
000
0.00
0.00
0.00
0.00
0.00
0.00
0.00
0.00
0.00
0.00
0.00
0.00
0.00
000
0.00
0.00
0.00
0.00
0.00
0.00
0.00
0.00
0.00
0.00
0.00
0.00
0.00
0.00
0.00
0.00
0.00
0.00
0.00
0.00
0.00
0.00
0.00
0.00
0.00
0.00
0.00
0.00
0.00
0.00
0.00
0.00
0.00
0.00
0.00
0.00
0.00
0.00
0.00
0.00
0.00
0.00
0.00
000
0.00
0.00
0.00
0.00
0.00
0.00
0.00
0.00
000
0.00
0.00
0.00
0.00
0.00
0.00
0.00
0.00
0.00
0.00
0.00
000
0.00
0.00
0.00
0.00
0.00
0.00
0.00
0.00
0.00
0.00
0.00
0.00
0.00
0.00
0.00
0.00
0.00
0.00
0.00
0.00
000
0.00
000
0.00
0.00
0.00
0.00
0.00
0.00
0.00
0.00
0.00
0.00
0.00
0.00
0.00
0.00
0.00
0.00
0.00
0.00
0.00
0.00
0.00
0.00
0.00
0.00
0.00
0.00
0.00
0.00
0.00
0.00
0.00
0.00
000
0.00
0.00
0.00
000
0.00
0.00
0.00
0.00
0.00
0.00
0.00
0.00
0.00
0.00
0.00
0.00
0.00
0.00
0.00
0.00
0.00
0.00
0.00
0.00
0.00
0.00
0.00
0.00
0.00
0.00
0.00
0.00
0.00
0.00
0.00
0.00
0.00
0.00
0.00
0.00
0.00
0.00
0.00
0.00
0.00
0.00
0.00
0.00
0.00
0.00
0.00
0.00
0.00
0.00
0.00
0.00
0.00
0.00
0.00
000
000
0.00
0.00
0.00
0.00
0.00
0.00
0.00
0.00
0.00
0.00
0.00
0.00
0.00
0.00
0.00
0.00
0.00
0.00
0.00
0.00
0.00
0.00
0.00
0.00
0.00
0.00
0.00
0.00
0.00
0.00
0.00
0.00
0.00
0.00
0.00
0.00
0.00
0.00
000
0.00
0.00
0.00
0.00
0.00
0.00
0.00
0.00
0.00
0.00
0.00
0.00
0.00
0.00
0.00
0.00
000
0.00
0.00
0.00
0.00
0.00
0.00
0.00
0.00
0.00
0.00
0.00
0.00
0.00
0.00
0.00
0.00
0.00
0.00
0.00
0.00
0.00
0.00
0.00
0.00
0.00
0.00
0.00
0.00
0.00
000
0.00
0.00
0.00
0.00
0.00
0.00
0.00
0.00
0.00
0.00
0.00
0.00
0.00
0.00
0.00
0.00
0.00
0.00
0.00
0.00
0.00
0.00
0.00
0.00
0.00
0.00
0.00
000
0.00
0.00
0.00
0.00
0.00
0.00
0.00
0.00
0.00
0.00
0.00
000
0.00
0.00
0.00
0.00
0.00
0.00
0.00
0.00
0.00
0.00
0.00
0.00
00.0
0.00
0.00
0.00
000
10100
0.00
0.00
0.00
000
0.00
0.00
0.00
0.00
0.00
0.00
10100
0.00
000
01.00
None
0.00
0.00
0.00
000
080
0.00
000
0.00
0
None
000
000
None
0.00
0.00
0.00
0.0
9.00
0.00
0.00
0.00
0.00
0.0
0.00
000
0.00
0.00
0.00
000
0.00
900
000
000
0.00
0.96
None
None
None
None
None
None
None
None
None
0.08
0.00
000
None
0.00
0.00
0.00
0.00
None
None
None
0.00
None
None
None
None
None
None
None
None
None
None
None
None
None
None
None
None
000
0.00
0.00
00
None
0.00
0.00
000
0.00
0.00
0.00
0.00
0.00
None
10.08
0010
0.00
0.00
0.00
0.00
0.00
0.00
0.00
0.00
0.00
0.00
None
None
None
None
None
None
000
00.0
None
None
000
None
None
None
None
None
None
None
None
None
None
None
None
None
None
None
None
None
None
None
None
None
None
None
None
None
None
None
None
None
None
None
None
None
None
None
None
None
None
None
None
None
None
None
None
None
None
None
None
None
None
None
None
None
None
None
None
None
None
None
None
None
None
None
None
None
0.00
000
6.05
O0
0.00
0.00
0.00
0.00
900
000
None
None
None
None
None
None
OTRE
None
None
0.08
0.00
.00
None
None
None
None
None
None
None
None
0.00
None
None
None
0.0S
None
None
None
OLUB
None
None
None
None
None
None
None
None
None
None
0.00
000
0.00
0.00
None
None
None
None
None
None
None
None
None
None
None
None
None
None
None
None
None
None
None
None
None
None
None
None
None
None
None
None
None
None
0.00
None
None
0.00
None
None
None
None
None
None
None
None
None
None
None
None
None
None
None
ORU
None
None
None
None
None
None
None
None
None
None
None
None
None
None
None
None
None
None
None
None
None
None
None
None
None
None
None
0.00
0.00
0L00
000
000
000
0.00
000
None
0.00
000
900
0.00
None
000
000
000
0.00
0.00
0.06
00.0
0.00
0.00
0.00
0.00
0.00
0.00
0.00
000
0.00
900
000
000
0.00
0.00
0.06
0.00
0.08
0.00
0.00
0.00
0.08
0.00
0.00
00"0
0.00
0.00
0.00
0.08
0.00
0.96
None
8.00
0.00
0.00
0.00
0.00
0.06
0.00
000
000
0.00
0.06
0.00
0.08
0.00
None
None
0.0
0.0
0.00
None
0.00
0.00
0.00
None
None
0.08
0.00
None
None
0.08
0.08
WLEELS
None
None
None
EL
None
None
None
None
None
None
None
None
None
None
None
None
None
None
None
None
None
0.00
0.00
None
None
None
00
None
None
0.05
0.00
000
0.00
0.08
0.00
00.0
000
0.00
000
000
090
0.00
0.00
000
0.00
0.00
0.00
0.00
0.00
0.00
0.00
0.00
0.00
0.00
0.00
0.00
0.00
0.00
0.00
0.00
000
0.00
0.00
0.00
0.00
0.00
0.00
0.00
0.00
0.00
0.00
0.00
0.00
0.00
0.00
0.00
0.00
0.00
000
000
0.00
0.00
0.00
0.00
0.00
0.00
0.00
0.00
000
0.00
0.00
0.00
0.00
0.00
0.00
0.00
0.00
0.00
0.00
0.00
0.00
0.00
0.00
0.00
0.00
0.00
0.00
0.00
0.00
0.00
0.00
0.00
0.00
0.00
0.00
0.00
0.00
0.00
0.03
0.03
0.03
0.03
0.03
0.03
0.03
0.03
0.03
0.03
0.03
0.03
0.03
0.11
0.11
0.11
0.11
0.11
0.11
0.11
0.11
0.11
0.11
0.11
0.11
0.1
0.18
0.18
0.18
0.18
0.18
0.18
0.18
0.18
0.18
0.18
0.18
0.18
0.22
0.22
0.22
0.22
0.22
0.22
0.22
0.22
0.22
0.22
0.22
0.22
0.30
0.30
0.30
0.30
0.30
0.30
0.30
0.30
0.30
0.30
0.30
0.30
0.30
0.37
0.37
0.37
0.37
0.37
0.37
0.37
0.37
0.37
0.37
0.37
0.37
0.32
0.42
0.42
0.42
0.42
0.42
0.42
0.42
0.42
0.42
0.42
0.42
0.42
0.48
0.48
0.48
0.48
0.48
0.48
0.48
0.48
0.48
0.48
0.48
0.48
0.48
0.53
0.53
0.53
0.53
0.53
0.53
0.53
0.53
0.53
0.53
0.53
0.53
0.60
0.60
0.60
0.60
0.60
0.60
0.60
0.60
0.60
0.60
0.60
0.60
0.6
0.64
0.64
0.64
0.64
0.64
0.64
0.64
0.64
0.64
0.64
0.64
0.64
0.69
0.69
0.69
0.69
0.69
0.69
0.69
0.69
0.69
0.69
0.69
0.69
0.
0.72
0.72
0.72
0.72
0.72
0.72
0.72
0.72
0.72
0.72
0.72
0.72
0.79
0.79
0.79
0.79
0.79
0.79
0.79
0.79
0.79
0.79
0.79
0.79
0.9
0.89
0.89
0.89
0.89
0.89
68'0
0.89
0.89
68'0
680
0.89
0.89
0.96
960
0.96
0.96
0.96
0.96
0.96
0.96
0.96
0.96
0.96
0.96
.96
1.00
1.00
1.00
1.00
1.00
1.00
1.00
1.00
1.00
1.00
1.00
1.00
1.08
1.08
1.08
1.08
1.08
1.08
1.08
1.08
1.08
1.08
1.08
1.08
1.05
1.15
1.15
1.15
1.15
1.15
1.15
1.15
1.15
1.15
1.15
1.15
1.15
1.25
1.25
1.25
1.25
1.25
1.25
1.25
1.25
1.25
1.25
1.25
1.25
1.25
1.35
1.35
1.35
1.35
1.35
1.35
1.35
1.35
1.35
1.35
1.35
1.35
1.45
1.45
1.45
1.45
1.45
1.45
1.45
1.45
1.45
1.45
1.45
1.45
1.35
1.55
1.55
1.55
1.55
1.55
1.55
1.55
1.55
1.55
1.55
1.55
1.55
1.65
1.65
1.65
1.65
1.65
1.65
1.65
1.65
1.65
1.65
1.65
1.65
1.5
1.74
1.74
1.74
1.74
1.74
1.74
1.74
1.74
1.74
1.74
1.74
1.74
1.84
1.84
1.84
1.84
1.84
1.84
1.84
1.84
1.84
1.84
1.84
1.84
1.9
1.91
1.91
1.91
1.91
1.91
1.91
1.91
1.91
1.91
1.91
1.91
1.91
2.00
2.00
2.00
2.00
2.00
2.00
2.00
2.00
2.00
2.00
2.00
2.00
2.0
2.07
2.07
2.07
2.07
2.07
2.07
2.07
2.07
2.07
2.07
2.07
2.07
2116
2.16
2.16
2.16
None
2116
None
2.16
2.16
216
2.16
2.16
2.6
2.20
2.20
2.20
2.20
2.20
2.20
2.20
2.20
2.20
2.20
2.20
2.20
2.28
2.28
2.28
2.28
2.28
2.28
2.28
2.28
2.28
2.28
2.28
2.28
2.8
2.40
2.40
2.40
2.40
2.40
2.40
2.40
2.40
2.40
2.40
2.40
2.40
2.47
2.47
2.47
2.47
2.47
2.47
2.47
2.47
2.47
2.47
2.47
2.47
2.5
2.58
2.58
2.58
2.58
2.58
2.58
2.58
2.58
2.58
2.58
2.58
2.58
2.68
2.68
2.68
2.68
2.68
2.68
2.68
2.68
2.68
2.68
2.68
2.68
2.8
2.78
2.78
2.78
2.78
2.78
2.78
2.78
2.78
2.78
2.78
2.78
2.78
2.87
2.87
2.87
2.87
2.87
2.87
2.87
2.87
2.87
2.87
2.87
2.87
2.9
2.94
2.94
2.94
2.94
2.94
2.94
2.94
2.94
2.94
2.94
2.94
2.94
2.94
2.94
3.06
3.06
3.06
3.06
3.06
3.06
3.06
3.06
3.06
3.06
3.6
3.16
3.16
3.16
3.16
3.16
3.16
3.16
3.16
3.16
3.16
3.16
3.16
3.16
3.28
3.28
3.28
3.28
3.28
3.28
3.28
3.28
3.28
3.28
3.28
3.36
3.36
3.36
3.36
3.36
3.36
3.36
3.36
3.36
3.36
3.36
3.36
3.36
3.46
3.46
3.46
3.46
3.46
3.46
3.46
3.46
3.46
3.46
3.46
3.46
3.
3.61
3.61
3.61
3.61
3.61
3.61
3.61
3.61
3.61
3.61
3.61
3.61
3.77
3.77
3.77
3.77
3.77
3.77
3.77
3.77
3.77
3.77
3.77
3.77
3.
3.95
3.95
3.95
3.95
3.95
3.95
3.95
3.95
3.95
3.95
3.95
3.95
4.07
4.07
4.07
4.07
4.07
4.07
4.07
4.07
4.07
4.07
4.07
4.07
4.
4.20
4.20
4.20
4.20
4.20
4.20
4.20
4.20
4.20
4.20
4.20
4.20
4.36
4.36
4.36
4.36
4.36
4.36
4.36
4.36
4.36
4.36
4.36
4.36
4.56
4.50
4.50
4.50
4.50
4.50
4.50
4.50
4.50
4.50
4.50
4.50
4.50
4.60
4.60
4.60
4.60
4.60
4.60
4.60
4.60
4.60
4.60
4.60
4.60
4.33
4.73
4.73
4.73
4.73
4.73
4.73
4.73
4.73
4.73
4.73
4.73
4.73
4.84
4.84
4.84
4.84
4.84
4.84
4.84
4.84
4.84
4.84
4.84
4.84
4.99
4.99
4.99
4.99
4.99
4.99
4.99
4.99
4.99
4.99
4.99
4.99
4.99
5.14
5.14
5.14
5.14
5.14
5.14
5.14
5.14
5.14
5.14
5.14
5.14
5.
5.27
5.27
5.27
5.27
5.27
5.27
5.27
5.27
5.27
5.27
5.27
5.27
5.42
5.42
5.42
5.42
5.42
5.42
5.42
5.42
5.42
5.42
5.42
5.42
5.5
5.54
5.54
5.54
5.54
5.54
5.54
5.54
5.54
5.54
5.54
5.54
5.54
5.67
5.67
5.67
5.67
5.67
5.67
5.67
5.67
5.67
5.67
5.67
5.67
5.82
5.82
5.82
5.82
5.82
5.82
5.82
5.82
5.82
5.82
5.82
5.82
5.82
5.93
5.93
5.93
5.93
5.93
5.93
5.93
5.93
5.93
5.93
5.93
5.93
5.9
6.04
6.04
6.04
6.04
6.04
6.04
6.04
6.04
6.04
6.04
6.04
6.04
6.15
6.15
6.15
6.15
6.15
6.15
6.15
6.15
6.15
6.15
6.15
6.15
6.15
6.19
6.19
6.19
6.19
6.19
6.19
6.19
6.19
6.19
6.19
6.19
6.19
6.30
6.30
6.30
6.30
6.30
6.30
6.30
6.30
6.30
6.30
6.30
6.30
6.0
6.44
6.44
6.44
6.44
6.44
6.44
6.44
6.44
6.44
6.44
6:44
6.44
6.55
6.55
6.55
6.55
6.55
6.55
6.55
6.55
6.55
6.55
6.55
6.55
6.55
6.69
699
6.69
6.69
69'9
6.69
6.69
6.69
6.69
69'9
6.69
6.69
6.80
6.80
08'9
6.80
6.80
6.80
6.80
6.80
6.80
6.80
6.80
6.80
6.9
6.92
6.92
6.92
6.92
6.92
6.92
6.92
6.92
6.92
6.92
6.92
6.92
7.05
7.05
7.05
7.05
7.05
7.05
7.05
7.05
7.05
7.05
7.05
7.05
7.5
7.19
7.19
7.19
7.19
7.19
7.19
7.19
7.19
7.19
7.19
7.19
7.19
7.37
7.37
7.37
7.37
7.37
1.37
7.37
7.37
7.37
7.37
7.37
7.37
7.5
7.56
7.56
7.56
7.56
7.56
7.56
7.56
7.56
7.56
7.56
7.56
7.56
7.71
7.11
7.71
7.71
1.71
7.71
7.71
7.71
7.71
7.71
7.71
7.71
7.33
7.83
7.83
7.83
7.83
7.83
7.83
7.83
7.83
7.83
7.83
7.83
7.83
7.97
7.97
7.97
7.97
7.97
7.97
7.97
7.97
7.97
7.97
7.97
7.97
2.97
8.07
8.07
8.07
8.07
8.07
8.07
8.07
8.07
8.07
8.07
8.07
8.07
8.18
8.18
8.18
8.18
8.18
8.18
8.18
8.18
8.18
8.18
8.18
8.18
8.3
8.31
8.31
8.31
8.31
8.31
8.31
8.31
8.31
8.31
8.31
8.31
8.31
8.42
8.42
8.42
8.42
8.42
8.42
8.42
8.42
8.42
8.42
8.42
8.42
8.5
8.55
8.55
8.55
8.55
8.55
8.55
8.55
8.55
8.55
8.55
8.55
8.55
8.66
8.66
8.66
8.66
998
8.66
8.66
8.66
8.66
8.66
8.66
8.66
8
8.77
8.77
8.77
8.77
8.77
8.77
8.77
8.77
8.77
8.77
8.77
8.77
8.87
8.87
8.87
8.87
8.87
8.87
8.87
8.87
8.87
8.87
8.87
8.87
8.9
8.98
8.98
8.98
8.98
8.98
8.98
8.98
8.98
8.98
8.98
8.98
8.98
9.07
9.07
9.07
9.07
9.07
9.07
9.07
9.07
9.07
9.07
9.07
9.07
9.7
9.17
9.17
9.17
9.17
9.17
9.17
9.17
9.17
9.17
9.17
9.17
9.17
9.30
9.30
9.30
9.30
9.30
9.30
9.30
9.30
9.30
9.30
9.30
9.30
9.35
935
9135
935
935
935
9.35
9.35
9.35
9.35
9.35
9.35
9.35
9.45
9.45
9.45
9.45
9.45
9.45
9.45
9.45
9.45
9.45
9.45
9.45
9.55
9.58
9.58
9.58
9.58
9.58
9.58
9.58
9.58
9.58
9.58
9.58
9.58
696
9.69
9.69
9.69
9.69
9.69
9.69
69'6
69'6
9.69
9.69
9.69
9.83
9.83
9.83
9.83
9.83
9.83
9.83
9.83
9.83
9.83
9.83
9.83
9.83
9.91
9.91
9.91
9.91
9.91
9.91
9.91
9.91
9.91
9.91
9.91
9.91
19.91
10.01
10.01
10.01
10.01
10.01
10.01
10.01
10.01
10.01
10.01
10.01
10.01
10.13
10.13
10.13
10.13
10.13
10.13
10.13
10.13
10.13
10.13
10.13
10.13
10.15
10.16
10.16
10.16
10.16
10.16
10.16
10.16
10.16
10.16
10.16
10.16
10.16
10.27
10.27
10.27
10.27
10.27
10.27
10.27
10.27
10.27
10.27
10.27
10.27
10.2
10.39
10.39
10.39
10.39
10.39
10.39
10.39
10.39
10.39
10.39
10.39
10.39
10.53
10.53
10.53
10.53
10.53
10.53
10.53
10.53
10.53
10.53
10.53
10.53
10.53
10.66
10.66
10.66
10.66
10.66
10.66
10.66
10.66
10.66
10.66
10.66
10.66
10.78
10.78
10.78
10.78
10.78
10.78
10.78
10.78
10.78
10.78
10.78
10.78
10.8
10.90
10.90
10.90
10.90
10.90
10.90
10.90
10.90
10.90
10.90
10.90
10.90
11.04
11.04
11.04
11.04
11.04
11.04
11.04
11.04
11.04
11.04
11.04
11.04
11.09
11.15
11.15
11.15
11.15
11.15
11.15
11.15
11.15
11.15
11.15
11.15
11.15
11.27
11.27
11.27
11.27
11.27
11.27
11.27
11.27
11.27
11.27
11.27
11.27
11.23
11.35
11.35
11.35
11.35
11.35
11.35
11.35
11.35
11.35
11.35
11.35
11.35
11.46
11.46
11.46
11.46
11.46
11.46
11.46
11.46
11.46
11.46
11.46
11.46
11.96
11.56
11.56
11.56
11.56
11.56
11.56
11.56
11.56
11.56
11.56
11.56
11.56
11.67
11.67
11.67
11.67
11.67
11.67
11.67
11.67
11.67
11.67
11.67
11.67
11.3
11.75
11.75
11.75
11.75
11.75
11.75
11.75
11.75
11.75
11.75
11.75
11.75
11.84
11.84
11.84
11.84
11.84
11.84
11.84
11.84
11.84
11.84
11.84
11.84
11.94
11.94
11.94
11.94
11.94
11.94
11.94
11.94
11.94
11.94
11.94
11.94
11.94
12.04
12.04
12.04
12.04
12.04
12.04
12.04
12.04
12.04
12.04
12.04
12.04
12.19
12.16
12.16
12.16
12.16
12.16
12.16
12.16
12.16
12.16
12.16
12.16
12.16
12.25
12.25
12.25
12.25
12.25
12.25
12.25
12.25
12.25
12.25
12.25
12.25
12.3
12.32
12.32
12.32
12.32
12.32
12.32
12.32
12.32
12.32
12.32
12.32
12.32
12.42
12.42
12.42
12.42
12.42
12.42
12.42
12.42
12.42
12.42
12.42
12.42
12.52
12.52
12.52
12.52
12.52
12.52
12.52
12.52
12.52
12.52
12.52
12.52
12.52
12.59
12.59
12.59
12.59
12.59
12.59
12.59
12.59
12.59
12.59
12.59
12.59
12.59
12.60
12.60
12.60
12.60
12.60
12.60
12.60
12.60
12.60
12.60
12.60
12.60
12.60
12.60
12.60
12.60
12.60
12.60
12.60
12.60
12.60
12.60
12.60
12160
1260
12.60
None
None
1260
12.60
12.60
10.60
12.60
10.60
17.60
12.60
12.66
12.60
12.60
12.60
12.60
12.60
12.60
12.60
12.60
None
None
None
None
None
None
None
None
None
None
None
12.61
12.60
12.60
12.68
12.60
12.60
12.60
12.60
12.60
12.60
12.160
12.60
None
None
12.60
12.60
12.69
12.60
12.60
12.60
12.60
None
12.60
None
None
12.60
12.50
0.60
12.60
12.60
12.60
1168
None
10.00
12.60
None
None
None
12.60
None
12.60
12.60
12.60
None
None
10.60
12.60
12-60
12.66
12.60
12.60
197
2.60
12.66
None
None
None
None
None
None
None
None
None
None
None
None
None
None
E
None
None
None
None
005
17.00
None
None
None
None
None
None
None
None
None
1265
12160
None
None
12.69
17.60
12.60
12.60
12.60
12.60
12.60
12.60
12.60
12.60
12.60
12.60
12.60
12.60
12.60
12.60
12.60
12.60
12.60
12.60
12.60
12.60
None
12-00
DE60
12.60
12:60
12.60
12.60
12.60
12.60
12.60
12.60
12.60
12.60
12.60
12.60
12.60
12.60
12.60
12.60
12:60
12.60
12.60
12.60
12.60
12.60
12.60
12.60
12.60
12.60
12.60
12.60
12.60
12.60
12.60
12.60
12.60
12.60
12.60
12.60
12.60
12.60
12.60
12.60
12.60
12.60
12.60
12.60
12.60
12.60
1260
12.60
12:60
12.60
12.60
12.60
12.60
12.60
12.60
12.60
12.60
12.60
12.60
12:60
12.60
12.60
12.60
12:60
12.60
12.60
12.60
12.60
12.60
12.60
12.60
12.60
12.60
12.60
2360
12:60
12:60
12.60
12.60
12.60
12.60
12.60
12.60
12.60
12.60
12:60
12.60
12.60
12.60
12.60
None
12.60
12.60
12.60
12/60
12.60
12/60
12760
12.60
12.60
12.60
12.60
12.60
12.60
12.60
12.6
12.64
12.64
12.64
12.64
12.64
12.69
12.64
12.64
12.64
12.64
12.64
12.64
12.12
12.72
12.72
1272
12.72
12.12
12.12
12.12
12.12
12.12
12.12
12.12
12.22
12.81
12.81
12.81
12.81
12.81
12.81
12.81
12.81
12.81
12.81
12.81
12.81
12.91
12.91
12/91
12.91
12.91
12.91
12.91
12.91
12.91
12.91
12.91
12.91
13.93
13.00
13.00
13.00
13.00
13.00
13.00
13.00
13.00
13.00
13.00
13.00
13.00
13.09
13.09
13.09
13:09
13.09
13.09
13.09
13.09
13.09
13.09
13.09
13.09
13.9
13.19
1319
13.19
13.19
13719
13-19
1319
13219
13.19
1319
13.19
13.19
13.21
13.27
13.23
13.21
13:27
13.27
13-21
13:27
13.27
13-27
1327
13.27
13.37
13.37
13.37
13.37
13.37
13.37
13.37
13.37
13.37
13.37
13.37
1337
1337
13.46
13.46
13.46
13.46
13.46
13.46
13.46
13.46
13.46
13.46
13.46
13.46
136
13.56
13.56
13.56
13.56
13.56
13.56
13.56
13.56
13.56
13.56
13.56
13.56
13.65
13.65
13.65
13.65
13.65
13.65
13.65
13.65
13.65
13.65
13.65
1365
133
13.73
13.13
13.73
13.73
13.73
13.73
13.73
13.73
13.73
13.73
13.73
13.73
13..82
13.82
13.82
13.82
13.82
13.82
13.82
13.82
13.82
13.82
13.82
13.82
13.9
13.91
13.91
13.91
13.91
13.91
13.91
13.91
13.91
13.91
13.91
13.91
13.91
14.00
14.00
14.00
14.00
14.00
14.00
14.00
14.00
14.00
14.00
14.00
14.00
14.09
14.09
14.09
14.09
14.09
14.09
14.09
14:09
14.09
14.09
14.09
14.09
14.09
14.19
14.19
14.19
14.19
14.19
14.19
14.19
14.19
14.19
14.19
14.19
14.19
1479
14:21
14527
14.27
14-27
1427
14.27
14.27
14.27
14.27
14.27
14.27
14.27
14.37
14.37
14.37
14.37
14.37
14.37
14.37
14.37
14.37
14.37
14.37
14.37
14.3
14.45
14.45
14.45
14.45
14.45
14.45
14.45
14.45
14.45
14.45
14.45
14.45
14.55
14.55
14.55
14.55
14.55
14.55
14.55
14.55
14.55
14.55
14.55
14.55
14.55
14.64
14.64
14.64
14.64
14.64
14.64
14.64
14.64
14.64
14.64
14.64
14.64
14.76
14.76
14.76
14.76
14.76
14.76
14.76
14.76
14.76
14.76
14.76
14.76
14.
14.91
14.91
14.91
14.91
14.91
14.91
14.91
14.91
14.91
14.91
14.91
14.91
15.04
15.04
15.04
15.04
15.04
15.04
15.04
15.04
15.04
15.04
15.04
15.04
15.
15.17
15.17
15.17
15.17
15.17
15.17
15.17
15.17
15.17
15.17
15.17
15.17
15.26
15.26
15.26
15.26
15.26
15.26
15.26
15.26
15.26
15.26
15.26
15.26
15.3
15.34
15.34
15.34
15.34
15.34
15.34
15.34
15.34
15.34
15.34
15.34
15.34
15.8
15.48
15.48
15.48
15.48
15.48
15.48
15.48
15.48
15.48
15.48
15.48
15.99
15.59
15.59
15.59
15:59
15.59
15.59
15.59
15.59
15.59
15.59
15.59
15.59
15.13
15.73
15.73
15.73
15.73
15.73
15.73
15.73
15.73
15.73
15.73
15.73
15.3
15.83
15.83
15.83
15.83
15.83
15.83
15.83
15.83
15.83
15.83
15.83
15.83
15.95
15193
15.93
15/93
15.93
15.93
15.93
15.93
15.93
15.93
15.93
15.93
15.95
16.05
16.05
16.05
16.05
16.05
16.05
16.05
16.05
16.05
16.05
16.05
16.05
16.15
16.15
16.15
16.15
16.15
16.15
16.15
16.15
16.15
16.15
16.15
16.15
16
16.24
16.24
16.24
16.24
16.24
16.24
16.24
1624
16.24
16.24
16.24
16.24
16.33
16.33
16.33
16.33
16.33
1633
1633
16.33
16.33
16.33
16.33
16.33
16.5
16.44
16.44
16.44
16.44
16.44
16.44
16.44
16.44
16.44
16.44
16.44
16.44
16.55
16.55
16.55
16.55
16:55
16.55
16.55
16.55
16.55
16.55
16.55
1655
16.55
16.68
16.68
16.68
16.68
16.68
16.68
16.68
16.68
16.68
16.68
16.68
16.68
16.81
16.81
16.81
16.81
16.81
16.81
16.81
16.81
16.81
16.81
16.81
16.81
16.91
16.94
16.94
16.94
16.94
16.94
16.94
16.94
16.94
16.94
16.94
16.94
16.94
17.05
17.05
17.05
17.05
17.05
17.05
17.05
17.05
17.05
17.05
17.05
17.05
1707
17.17
17-17
None
1717
1717
1717
17.17
17.17
None
17.517
None
17.17
17.28
17.28
17.28
17528
1728
17.28
17.28
17528
17.28
17.28
17.28
17.28
17.38
17.38
17.38
17.38
17.38
17.38
17.38
17.38
17.38
17.38
17.38
17.38
17.38
17.51
1751
17.51
17.51
17.51
17.51
17.51
17.51
17.51
17.51
17.51
17.51
17.51
17.61
17.61
17.61
17-61
17.61
17.61
17.61
17.61
17.61
17.61
17.61
17.61
None
17.72
17.72
17.72
None
17.72
17.72
17.72
17.72
17.72
17.72
None
None
17-86
17.86
17.86
17.86
17.86
17.86
17.86
17.86
17.86
17.86
17.86
17.86
17.96
17.96
17.96
17.96
17.96
17.96
17.96
17.96
17.96
17.96
17.96
17.96
12.36
18.10
18.10
18.10
18.10
18.10
18.10
18.10
18.10
18.10
18.10
18.10
18.10
18.25
18.23
18.25
18.25
18.25
18.25
18.25
1825
18.25
18.25
18.25
18.25
18.29
18.38
18.38
18.38
18.38
18.38
18.38
18.38
18.38
18.38
18.38
18.38
18.38
18.50
18.50
18.50
18.50
18.50
18.50
18.50
18.50
18.50
18.50
18.50
18.50
185
18.61
18.61
18.61
18.61
18:61
18.61
18.61
18.61
18.61
18.61
18.61
18.61
18.72
18.72
18.72
18.72
18.72
18.12
18.72
18.72
18.72
18.72
18.72
18.72
18.23
1885
18-85
18.85
18.85
18.85
18.85
18.85
18.85
18.85
18.85
18.85
18.85
18.94
18.94
18.94
18.94
18.94
18.94
18.94
18.94
18.94
18.94
18.94
18.94
19.99
19.06
19.06
19.06
19.06
19.06
19.06
19.06
19.06
19.06
19.06
19.06
19.06
19.17
19.17
19.17
19.17
19.17
19:17
19.17
19.17
19.17
19.17
19.17
19.17
19.
19.29
19.29
19.29
19.29
19.29
19.29
19.29
19.29
19.29
19.29
19.29
19.29
19.43
19.43
19.43
19.43
19.43
19.43
19.43
19.43
19.43
19.43
19.43
19.43
19.95
19.55
19.55
19.55
19.55
19.55
19.55
19.55
19.55
19.55
19.55
1955
19.55
19.65
19.65
19:65
19.65
19.65
19.65
19.65
19.65
19.65
19.65
19.65
19.65
19.78
19.78
19.78
19.78
19.78
19.78
19.78
19.78
19.78
1978
19.78
19.78
19.78
19.90
19.90
19.90
19.90
19.90
19.90
19.90
19.90
19.90
19.90
19.90
19.90
29.9
20-01
20.01
20501
20.01
20.01
20.01
20.01
20.01
20201
20-01
20301
2001
20.12
20.12
2012
20.12
20.12
20.12
2012
2017
None
20.12
20.12
20.12
20.23
20.24
None
None
None
None
None
2024
20.24
None
None
None
None
20.36
20.36
20.36
20136
20136
20.36
None
2036
None
20136
28136
20.36
20.8
20.48
20.48
20.48
20.48
20.48
None
20.48
20.48
20.48
20.48
20.48
20.48
20.59
20.59
20.59
20.59
20.59
20.59
20.59
20.59
20.59
20.59
20.59
20.59
20-29
20.72
20.72
2012
20.72
2072
20.72
20.72
20.72
20.72
2012
20.12
20.72
20.83
20.83
20.83
20.83
20.83
20.83
20.83
20.83
20.83
20.83
20.83
20.83
20.93
20.96
20.96
20.96
2096
2096
20.96
2096
20.96
20.96
20.96
20.96
20.96
21.11
21:11
21.11
21.11
21.11
None
21.11
21.11
2111
211
None
21.11
None
21.23
2123
12
21.23
21.23
21.23
21.23
21.23
21.23
21.23
21423
21723
21.33
21.33
21233
2133
135
21-33
21.33
21.33
21.33
21.33
21.33
2133
21.5
21.45
21.45
21.45
21-45
21.45
21.45
21.45
21.45
21945
21245
445
21545
21.56
2156
21.56
1F50
21.56
24156
21.56
21256
241.56
21756
21156
21556
215
2167
21.61
21.61
2167
21.61
None
None
21.67
21.67
None
21.67
21.67
1.19
None
2179
1119
A0
None
None
2119
None
None
None
None
None
2190
21.90
21.90
None
None
21.90
21.90
21.90
21.90
21.90
21.90
21-90
2201
22.01
22.01
22.01
22.01
22.01
22.01
2201
22:01
22:01
22.01
22.01
None
22.14
2214
2214
22.14
22.14
22.14
22.14
22.14
2214
None
22.14
22.14
22.23
22.23
22-23
22:.23
22.23
2223
2223
22.23
None
None
None
None
None
2233
None
22.33
2233
22.33
2233
22.33
22.33
22.33
22533
22.33
2233
2245
22.45
None
None
None
2245
None
None
None
22.45
None
22-40
22-55
22.56
22.56
22.56
22-56
2256
22.56
22.56
22.56
22.56
22.56
22.56
22.56
22.65
22.65
None
22.65
22.65
22.65
22.65
22.65
2265
2205
22.65
22.65
22.85
22.80
22.80
22.80
22.80
22.80
22.80
22.80
22.80
22.80
22.80
22.80
2280
2291
22.91
22691
22.91
2291
22.91
2291
None
22-.91
22.91
22.91
22.91
22.9
23.02
23.02
2302
23-02
23.02
23.02
23.02
23.02
23.02
23.02
23.02
23.02
23.14
2314
23.14
23.14
23.14
23.14
23.14
23.14
23.14
None
None
23.14
23.5
23.25
23.25
23.25
23.25
3
23.25
23.25
23.25
None
23.25
23.25
3A
23.38
23.38
23.38
23.38
23.38
23.38
23.38
2338
238
23.38
None
2338
23.8
23.48
23.48
2348
23.48
23-48
23.48
2348
23.48
23.48
23.48
23.48
348
23.61
23.61
23.61
23.61
23.61
23.61
23.61
23161
23.61
23.61
23.61
23.61
23
135
23:73
23.13
23.13
23.73
13.14
23.73
23.13
23.13
23.15
23.73
23.73
23.86
23.86
23.86
23.86
23.86
23.86
23.86
23.86
23.86
23.86
5.80
23.86
23.9
23.97
23.97
23-97
23.91
23.97
23.97
23.97
23.97
23.97
23.97
23.97
23.97
24.07
24.07
2407
24.07
24.07
24.07
24.07
24.07
24.07
24.07
24.07
24.07
None
None
ARU
None
None
24717
2411
24311
241
24.17
4
41
2417
2433
24.33
24.33
24.33
24.33
24.33
4535
None
2433
435
2433
2433
24.3
24.48
24/48
24.48
24.48
24.48
24.48
24.48
24.48
24.48
24.48
24.48
24.48
24.59
24.59
24.59
24.59
24.59
24.59
24.59
24.59
24.59
24.59
2459
2459
244
24.74
24-14
None
4
24.74
24.14
24.14
24.74
24.74
2414
24.19
2414
24590
24.90
24.90
24.90
24.90
24.90
24.90
2490
24.90
24.90
24.90
24.90
2590
25.02
25.02
25.02
25.02
25.02
25.02
25.02
25.02
2502
25:02
2502
25.02
25.14
25.14
25.14
25.14
25.14
25.14
25.14
25.14
25.14
25.14
25.14
25.14
25
25.27
25.27
25.27
25.21
25.27
25.27
25.27
25.21
25.27
2521
None
25:27
25.35
25.35
2535
25.35
25.35
2535
25.35
25.35
25.35
25735
25.35
25.35
25
25.47
25.47
25.47
25.47
25.47
25.47
25.47
25-47
25.47
25.47
25.47
25.47
25.62
25.62
25.62
25.62
25.62
25.62
25.62
25.62
25.62
25.62
25.62
25.62
25
25.74
25.14
25.74
25.74
25.74
25.74
25.74
25.74
25.74
25.74
25.74
25.74
25.85
25.85
25.85
25.85
25.85
25.85
25.85
25.85
25.85
25.85
25.85
25.85
25.95
25.98
25.98
25.98
25.98
25.98
25.98
25.98
25.98
25.98
25.98
25.98
25.98
26.12
26.12
26.12
26.12
26.12
26.12
26.12
26.12
26.12
26.12
26.12
26.12
26.
2625
2625
26.25
26.25
2625
26.25
26.25
26.25
26.25
26.25
26.25
26.25
26.38
26.38
2638
26.38
26.38
26.38
26.38
26.38
26.38
26.38
26.38
26.38
26.8
26.48
26.48
26.48
26.48
26.48
26.48
26.48
26.48
26.48
26.48
26.48
26.48
26.61
26.61
26.61
26.61
26.61
26.61
26.61
26.61
26.61
26.61
26.61
26.61
26
2674
26.79
2674
26.74
26.74
26.74
26.74
26.74
26.74
26.74
26.74
26.74
26.84
26.84
26.84
26.84
26.84
26.84
26.84
26.84
26.84
26.84
26.84
26.84
26.91
26.97
26.97
26.97
26.97
26.97
2697
26.97
26.97
26.97
26.97
26.97
26.97
27:08
27.08
27.08
27.08
27.08
27.08
27.08
27.08
27.08
27.08
27.08
27.08
27.8
2718
2718
27.18
27.18
27.18
27.18
27.18
27.18
27.18
27.18
27.18
27.18
21.31
27.31
2731
27.31
21.31
27.31
None
2731
27.31
2731
21.31
31
None
2143
None
21:43
2143
27-43
27743
27.43
27.43
27.43
21-43
27.43
27.43
21.53
27.53
27.53
27.53
2755
21.53
21.53
555
2153
None
2753
21.53
2155
27.66
2766
21:66
2766
2766
27.66
2166
27.66
2766
27-66
27.66
27.66
2178
2148
211.18
21-78
2778
2118
27.18
2778
27.78
27.78
27.78
27.78
21639
27.89
27.89
27.89
27.89
27.89
27.89
27.89
27.89
27.89
27.89
None
21-89
212189
None
28.00
28.00
28.00
28.00
28.00
28.00
28.00
28.00
28.00
28.00
28.09
28.09
28.09
2809
6087
28.09
28.09
28.09
28.09
28.09
28.09
28.09
28.09
28.9
28.20
28.20
28:20
28:20
28.20
28.20
28.20
28.20
28.20
28.20
2820
2833
28133
28733
28.33
28.33
28.33
28.33
28.33
28.33
28.33
28.33
28.33
28.33
28.42
28.42
28.42
28.42
28.42
28742
28.42
28.42
28.42
28.42
28.42
28.42
28
28.54
28.54
28.54
28.54
28.54
28.54
28.54
28.54
28.54
28.54
28.54
28.54
28.64
28.64
28.64
28.64
28.64
28.64
28.64
28.64
28.64
28.64
28.64
28.64
28.3
28.73
28.73
28.73
28.73
28.73
28.73
28.73
28.73
28.73
28.73
28.73
28.73
28.84
28.84
28.84
28.84
28.84
28.84
28.84
28.84
28.84
28.84
28.84
28.84
28.99
28.99
28.99
28.99
28.99
28.99
28.99
28.99
28.99
28.99
28.99
28.99
28.99
29.13
29.13
29.13
29.13
29.13
29.13
29.13
29.13
29.13
29.13
29.13
29.13
29.
29.26
29.26
29.26
29.26
29.26
29.26
29.26
29.26
29.26
29.26
29.26
29.26
29.38
29.38
29.38
29.38
29.38
29.38
2938
29.38
29.38
29.38
29.38
29.38
29.38
29.49
29.49
29.49
29.49
29.49
29.49
29.49
29.49
29.49
29.49
29.49
29.49
29.59
29.59
29.59
29.59
29.59
29.59
29.59
29.59
29.59
29.59
29.59
29.59
29.59
29.69
29.69
29.69
29.69
29.69
29.69
29.69
29.69
29.69
29.69
29.69
29.69
29.79
29.79
29.79
29.79
29.79
29.79
29.79
29.79
29.79
29.79
29.79
29.79
29.29
29.89
29.89
29.89
29.89
29.89
29.89
29.89
29.89
29.89
29.89
29.89
29.89
30.00
30.00
30.00
30.00
30.00
30.00
30.00
30.00
30.00
30.00
30.00
30.00
30.
30.12
30.12
30.12
30.12
30.12
30.12
30.12
30.12
30.12
30.12
30.12
30.12
30.23
30.23
30.23
30.23
30.23
30.23
30-23
30.23
30:23
30.23
30.23
30.23
3025
30.35
30.35
30035
30.35
3035
30.35
3035
30-35
30.35
30.35
30.35
30.35
30:48
30.48
3048
30.48
30.48
30.48
30-48
30.48
30/48
30748
30-48
3048
30.8
30.60
30.60
30.60
30.60
30.60
30.60
30.160
30.60
30.60
30.60
30.60
30.60
30.71
30.71
30.71
30.71
30.71
30.71
30.71
30.71
30.71
30.71
30.71
30.71
30.
30.84
30.84
30.84
30.84
30.84
30.84
30.84
30.84
30.84
30.84
30.84
30.84
30.98
30.98
30.98
30.98
30.98
30.98
30.98
30.98
30.98
30.98
30.98
30.98
30.3
31.11
31.11
31.11
31.11
31.11
31.11
31.11
31.11
31.11
31.11
31.11
31.11
31.23
31.23
31.23
31.23
31.23
31.23
31.23
31.23
31.23
31.23
31.23
31.23
31.33
31.34
31.34
31.34
31.34
31.34
31.34
31.34
31.34
31.34
31/34
31.34
31.34
31.48
31.48
31.48
31.48
31.48
31.48
31.48
31.48
31.48
31.48
31.48
31.48
31.8
31.60
31.60
31760
31.60
31.60
31.60
31.60
31.60
31.60
31.60
31.60
31.60
None
3171
31571
31571
31.71
31.71
31.71
31/1
31.71
31.71
31.71
31.71
31.31
31.84
31.84
31.84
31.84
31.84
31.84
31.84
31.84
31.84
31.84
31.84
31-84
31.95
31.95
31.95
31.95
31.95
31.95
31.95
31.95
31.95
31.95
31.95
31.95
33.95
32.06
32.06
32.06
32.06
32.06
32.06
32:06
32.06
32.06
32.06
32.06
32.06
32.18
32.18
32.18
32.18
32.18
32.18
32.18
32.18
32.18
32.18
32.18
32.18
32.9
32.29
32.29
None
32.29
32.29
3229
3229
32.29
32.29
32.29
5220
3229
3238
32138
3238
32.38
32.38
32.38
32.38
32.38
32.38
32.38
32.38
32.38
32.8
32.48
32.48
32.48
32.48
32.48
32.48
32.48
32.48
32.48
32.48
32.48
32.48
32.57
32.57
32.57
32.57
32.57
32.57
32.57
32.57
32.57
3257
32.57
32.57
32.5
32.68
32.68
32.68
32.68
32.68
32.68
32.68
32.68
32.68
32.68
32.68
32.68
32.11
32.77
32.77
32.11
32.11
3211
32.17
32-71
32.71
3211
32.11
32.77
32.
32.88
3288
32.88
32.88
32.88
32.88
32.88
32.88
32.88
32.88
32.88
32.88
32.98
32.98
3298
32.98
32.98
32.98
32.98
32.98
32.98
32.98
32.98
32.98
32.98
33.06
33.06
33.06
33.06
33.06
33.06
33.06
33.06
33.06
33.06
33.06
33.06
33.17
33.17
33.17
33.17
33.17
33.17
33.17
33.17
33.17
33.17
33.17
33.17
33.37
33.27
33.27
33.27
33.21
33.27
33.27
33.27
33.27
33.27
33.27
33.27
33.21
33.34
33.34
33.34
33.34
33.34
33.34
33.34
33.34
33.34
33.34
33.34
33.34
33
33.41
33.41
33.41
33.41
33.41
33.41
33.41
3341
33.41
33.41
33.41
33.41
33.48
33.48
33.48
33.48
33.48
33.48
33.48
33.48
33.48
33.48
33.48
33.48
33.98
33.60
33.60
33.60
33.60
33.60
33.60
33.60
33.60
33.60
33.60
33.60
33.60
33.70
33.70
33.70
33.70
33.70
33.70
33.70
33.70
33.70
33.70
33.70
3370
33.33
33.83
33.83
33.83
33.83
33.83
33.83
33.83
33.83
33.83
33.83
33.83
33.83
33.92
33.92
33.92
33.92
33.92
33.92
33.92
33.92
33.92
33.92
33.92
33.92
3.9
34.05
34.05
34.05
34.05
34.05
34.05
34.05
34.05
34.05
34.05
34.05
34.05
34.17
34.17
34.17
34.17
34.17
34.17
34.17
34.17
34.17
34.17
34.17
34.17
34.2
34.28
34.28
34.28
34.28
34.28
34.28
34.28
34.28
34.28
34.28
34.28
34.28
34.41
34.41
34.41
34.41
34.41
34.41
34.41
34.41
34.41
34.41
None
34.41
34.51
34.51
34.51
34.51
34.51
34.51
34.51
34.51
34.51
34.51
34.51
34.51
34.51
34.64
34.64
34.64
34.64
34.64
34.64
34.64
34.64
34.64
34.64
34.64
34.64
34.8
34.78
34.78
34.78
34.78
34.78
34.78
34.78
34.78
34.78
34.78
34.78
34.78
34.90
34.90
34.90
34.90
34.90
34.90
34.90
34.90
34.90
34.90
34.90
34.90
3.9
35.04
35.04
35.04
35.04
35.04
35.04
35.04
35.04
35.04
35.04
35.04
35.04
35.18
35.18
35.18
35.18
35.18
35.18
35.18
35.18
35.18
35.18
35.18
35.18
35.36
35.30
35.30
35.30
35.30
35.30
35.30
35.30
35.30
35.30
35.30
35.30
35.30
35.43
35.43
35.43
35.43
35.43
35.43
35.43
35.43
35.43
35.43
35.43
35.43
35.35
35.55
35.55
35.55
35.55
35.55
35.55
35.55
35.55
3555
35.55
35.55
35.55
35.63
35.63
35.63
35.63
35.63
35.63
35.63
35.63
35.63
35.63
35.63
35.63
3563
35.63
35.66
35.66
35.66
35166
35.66
35.66
35.66
35.66
35.66
35.66
35.66
35.66
35.66
35.66
35.66
35.66
35.66
35.66
35.66
35.66
35.66
35.66
35.66
35.66
35.66
35.66
35.66
35.66
35.66
35.66
35.66
35.66
35.66
35.66
35.66
35.66
35.66
35.66
35.66
35.66
35.66
35.66
35.66
35.66
35.66
35.66
35.66
35.66
35.66
35.66
35.66
35.66
35.66
35.66
35.66
35.66
35.66
35.66
35.66
35.66
35.66
35.66
35.66
35166
35.66
35.66
35.66
35.66
35.66
55.66
35.66
15.66
35.60
35.66
35.66
35.66
35.66
35.60
None
None
None
35.66
None
None
None
35.66
None
None
None
None
None
None
None
None
None
None
None
None
None
None
None
None
None
None
None
None
None
None
None
None
None
None
None
None
None
None
None
None
None
None
None
None
None
None
None
None
None
None
None
None
None
None
None
None
None
None
35.60
None
35.00
35-.66
35260
None
None
None
None
35.60
None
None
35100
None
3560
None
None
None
35.66
35.60
30.60
35.60
35.66
35.06
3500
35.66
35.66
35.66
35.60
35.60
35.06
35.66
35.66
9968
35.66
35.66
35.66
35166
351.60
5.66
35.66
3566
None
None
3560
35.66
35.66
35.66
35.66
35.66
35.66
35.66
35.66
35.66
35.66
35..66
35.66
35.66
35.66
35.66
35.60
35.66
35.66
35.66
35.66
35.66
35.66
35.66
35.66
35.66
35.66
35.66
35.66
35.66
65.66
35.66
35.66
35.66
35.66
35.66
35.66
35.66
35.60
35.66
35.66
35.66
35..66
35.66
35.66
35.66
35.66
35.66
39.68
None
None
None
None
None
35.60
35.66
35.00
3560
35.6
35.60
35.60
35.66
35.66
35.66
35.66
3566
35.66
35.66
35.66
35.66
35.66
35.66
35.66
35.66
35.66
35.66
35.66
35.66
35.66
35.66
35.66
35.66
35.66
35.66
35.66
35.66
35.66
35.66
35.66
35.66
35.66
35.66
35.66
35.66
35.66
35.66
35.66
35.66
35.66
35.66
35.66
35.66
35.66
35.66
35.66
35.66
35.66
35.66
35.66
35.66
35.66
35.66
3566
35.66
35.66
35.66
35.66
35.66
35.66
35.66
35.66
35.66
35.66
35.66
35.66
35.66
35.66
35.66
35.66
35.66
35.66
35.66
35.66
35.66
35.66
35.66
35.66
35.66
35.66
35.66
35.66
35.66
35.66
35.66
35.66
35.66
35.66
35.66
35.66
35.66
35.66
35.66
35.66
35.66
35.66
35.66
35.66
35.66
35.66
35.66
35.66
35.66
35.66
35.66
35.66
35.66
35,66
35.66
35.66
35.66
35.66
35.66
35.66
35.66
35.66
35.66
35.66
35.66
35.66
35.66
35.66
35.66
35.66
35.66
35.66
35.66
35.66
35.66
35.66
35.66
35.66
35.66
35.66
35.66
35.66
35.66
35.66
35.66
35.66
35.66
35.66
3566
35.66
35.66
35.66
35.66
3571
3571
35.71
35.71
35.71
35.71
35.71
35.71
35.71
35.71
35.71
35.71
35.7
35.74
35.74
35.74
35.74
35.74
35.74
35.74
35.74
35.74
35.74
35.74
35.74
35.79
35.19
35:79
35.79
35.79
35.19
35.79
35.79
35.79
35.79
35.79
35.79
35.35
35.85
35.85
35.85
35.85
35.85
35.85
35.85
35.85
35.85
35.85
3585
35.85
35.92
35.92
3592
35.92
35.92
35.92
35.92
35.92
35.92
35.92
35.92
35.92
35.92
35.98
35.98
35.98
35.98
3598
3598
35.98
35.98
35.98
35.98
35.98
35.98
36.03
36.03
36.03
36.03
36.03
36.03
36.03
36.03
36.03
36.03
36.03
36.03
36.@3
36.10
36.10
36.10
36.10
36.10
36.10
36.10
36.10
36.10
36.10
36.10
36.10
36.16
36.16
36.16
36.16
36.16
36.16
36.16
36.16
36.16
36.16
36.16
36.16
36
36.24
36.24
36.24
36.24
36.24
36.24
36.24
36.24
36.24
302
02
None
36.32
36.32
36.32
36.32
36.32
36.32
36.32
36.32
3632
None
3632
3632
36.32
36.39
36.39
36.39
36.39
36.39
36.39
36.39
36.39
36.39
36.39
36.39
36.39
3647
3647
None
None
None
36.41
30.41
36.47
16.4
36.47
304
3647
361
36758
36/58
3658
36.58
36.58
36.58
36.58
36.58
36.58
36.58
36.58
36.58
36.75
3675
None
36.75
36.75
36.75
36.75
36.15
36.75
36.75
36.75
36.75
36
36.92
36.92
36.92
36.92
36792
36.92
36.92
36.92
36.92
36.92
36.92
36.92
37.10
37.10
37.10
37.10
37.10
37.10
37.10
37.10
37.10
37.10
37.10
37.10
37.2
37.24
37.24
31.24
37.24
37.24
31.24
None
37.24
37.24
37.24
31.24
None
37.41
37.41
37.41
37.41
37.41
37.41
37.41
37.41
37.41
37.41
37.41
37.41
37.35
37.59
759
31159
3759
37.59
37.59
37.59
37.59
37.59
37.59
3759
None
37.76
37.76
37.76
37.76
37.76
37.76
37.76
None
3116
None
37.76
37.76
37.0
37192
3792
3792
37.92
3792
37-92
37.92
37.92
31.92
37192
37.92
37.92
38.06
38.06
38.06
38.06
38.06
38.06
38.06
38.06
38.06
38.06
38106
38.06
3826
38.20
38.20
38.20
38.20
38.20
38.20
38.20
38.20
38.20
38.20
38.20
38.20
38.34
38.34
38.34
38.34
38-34
38.34
38.34
38.34
38534
38.34
38.34
38.34
38.4
38.44
38.44
38.49
38.44
38.44
38.44
38.44
38.44
38.44
38.44
38.44
38.44
38.54
38.54
38.54
38.54
38.54
38.54
38.54
38.54
38.54
38.54
38.54
38.54
38.53
38.63
38.63
38.63
38.63
38.63
38.65
38.63
38.63
38.63
38.63
38.63
38.63
38.72
38.72
38.72
38.72
38.72
38.72
38.72
38.72
38.72
38.72
38.72
38.72
38.
38.80
38.80
38.80
38.80
38.80
38.80
38.80
38.80
38.80
38.80
38.80
38.80
38:87
38.87
38.87
38.87
38.87
38.87
38.87
38.87
38.87
38.87
38.87
38.87
38.9
38.96
38.96
38:96
38:96
38.96
38.96
38596
38.96
38.96
3896
3896
38.96
39.105
39.05
39505
39.05
39.05
39.05
39.05
39.05
39.05
3905
39.05
39.05
39.
None
3917
3917
None
A6
39.12
3951
39.12
39.12
None
39.12
39-12
39.20
39.20
39.20
39720
None
39.20
3920
39.20
39.20
3920
None
SEA
None
None
None
39.29
39.29
39-29
39.29
39.29
39.29
39.29
391.29
39.29
39.29
39.40
39.40
39.40
39.40
39.40
39.40
39.40
39.40
39.40
39.40
39.40
906
None
39.47
394
39.47
39.47
39.47
39.47
39.47
39.47
39647
39.47
39747
39/47
3952
392
39.52
39.52
39.52
39.52
39.52
39.5
3957
None
39.52
39.52
39.5
39.59
39.59
39.59
19559
39.59
39.59
39.59
39.59
39.59
39.59
39.59
39.59
39.64
39.64
39.64
39.64
3964
39.64
39.64
39.64
39.64
39764
39.64
39.64
None
3971
39.71
39.71
39.71
39.71
39.71
39.71
39.71
39.71
39.71
39.71
39.71
39.80
3980
39.80
39.80
39.80
39.80
39.80
39.80
39.80
39.86
39.80
39.80
39.185
398
39.85
391.85
39485
39.85
39385
39385
39-85
39.85
39785
39785
39-85
39.89
39.89
68/68
39789
None
39.89
39.89
39.89
39.89
3989
39.89
39-89
None
39-94
3994
166
None
39.94
39.94
None
6668
6-6
39.94
None
None
40.01
100t
4001
40.01
40.01
40.01
40.01
40.01
40101
40.01
40.01
40.01
4001
40.04
40.09
40.04
40.04
P0a19t
4084
40.04
40.04
40.04
40.04
40.04
40.04
40.06
40:06
40.06
40.06
40.06
40.06
40.06
4006
40.06
40.06
40.06
40.06
40.05
40.09
40.09
40409
40.09
40.09
40.09
6001
6030t
6006
6030t
40.09
600f
40.12
None
40.12
40.12
40:12
4012
40.12
40.12
40.12
40.12
40.12
40.12
310t
40.18
40.18
40.18
40.18
40.18
40.18
40.18
40.18
40.18
40.18
90.18
40.18
40.24
40.24
40.24
40.24
40.24
40.24
40.24
40.24
40.24
40.24
40.24
40.24
40.29
40.29
40.29
40.29
40.29
40.29
40.29
40.29
40-29
40:29
40-29
40:29
40.29
40.37
40/37
40.37
40/37
4037
40.37
40.37
None
40.37
40.37
40.37
40.37
40.$2
40.42
None
40.42
40.42
40.42
None
40.42
40.42
1034
None
40.42
40.42
40.49
40.49
40/49
40/49
40.49
40.49
40.49
60
40.49
40.49
None
40.49
40.33
40.53
40.53
None
40.53
10.53
40.53
40.53
40.53
40.53
40755
10153
103
40.58
40758
40.58
40.58
40.58
40.58
40.58
40.58
40.58
40.58
40.58
49.58
40.55
40.65
40.65
40.65
40.65
40.65
40.65
40.65
10.65
40.65
1065
40.65
40265
6901
690
69t
40.69
69-01
None
10209
None
None
None
40769
40.69
None
None
None
None
None
None
None
None
None
None
None
None
None
40.81
40.81
40.81
40.81
40.81
40.81
40.81
40.81
40.81
40.81
40.81
40.81
40.87
40:87
40.87
40.87
40.87
40.87
40.87
40.87
40.87
40.87
40.87
40.87
40/87
40.95
40295
40795
40.95
None
40.95
40.95
40.95
4095
40195
40795
4095
40.95
40599
40.99
40.99
40.99
40.99
40.99
None
None
10.99
40.99
40.99
6601
None
None
41.05
11.05
41.05
None
None
None
None
None
11-05
11-05
None
None
None
None
41-12
1112
4112
None
41.12
4112
112
None
None
None
41.318
41.18
11.18
11.18
41.18
4118
None
None
None
41.18
4118
41.13
None
None
None
None
4122
11522
None
None
None
None
None
None
None
None
41.32
None
None
None
None
4132
41.32
None
15
None
None
11138
None
None
None
11558
None
None
None
None
None
None
None
None
None
None
None
None
4144
41544
1149
None
None
1
None
None
4147
41747
41.47
41.47
41.47
41.47
None
None
None
None
None
None
None
None
None
None
None
1057
None
None
None
1157
None
41557
41.55
None
None
None
1165
4165
11.65
None
41.65
None
41.65
41.65
4165
None
None
None
None
None
None
41774
None
None
None
None
None
None
981
41.86
4186
41.86
41.86
41.86
41.86
41.86
41.86
41.86
41.86
41.86
41.96
None
196
41.96
41.96
None
None
None
None
None
41.96
41.96
None
12.02
4202
42.02
42202
12.02
None
None
None
12.02
42-02
4202
42.02
None
42.10
42.10
42:10
42.10
None
12810
None
4210
4210
42.10
None
None
None
42.19
42.19
42.19
None
42.19
None
4219
4219
42.19
42.19
42.19
None
None
1221
42/21
None
None
None
None
None
None
42521
None
None
42335
None
4235
42.35
42.35
42.35
42.35
4235
42.35
424-35
4235
None
None
None
None
42.42
42.42
None
42.42
None
42.42
4242
42542
4242
42.90
4250
42.50
4250
42.50
None
None
516
None
42.50
1250
42.50
42:50
42.56
42.56
None
42.56
42.56
42.56
42.56
42.56
42.56
42.56
42.56
42.56
None
42.61
20
42.61
42.61
42.61
1701
4261
261
42.61
42/61
42.61
42.61
42768
42768
4268
42.68
42.68
42.68
42.68
None
42.68
12.68
42.68
None
None
None
None
None
None
None
None
None
None
None
None
None
None
None
None
None
None
None
49.81
None
42.81
None
None
None
None
None
None
None
91
None
4297
None
None
None
None
None
None
None
6.0
None
43.07
None
43.01
43.01
43.07
None
43.07
None
50
43.07
4372
43/19
43.19
None
43.19
43.19
13.19
-
1519
None
138
None
None
None
None
None
4321
1324
None
None
15-21
None
15.21
43.21
43.21
13.3
43.38
None
45738
1530
43738
43.38
43.38
43738
43738
None
43.38
43.38
43.50
43.50
43.50
None
1301
None
None
None
None
None
4350
95-50
180
None
4359
13739
None
None
None
None
43459
None
1350
13750
43259
None
4332
4372
None
None
None
None
13.72
None
None
43.12
None
4312
13.18
None
43.78
43.78
43.78
43.78
43.78
3.78
43.78
43.78
43.78
None
45.85
43.85
43.85
43.85
43.85
43.85
43.85
43.85
43.85
43.85
43.85
43.85
13.92
43.92
None
097
13.92
13.92
None
3.92
3.92
None
None
None
None
43598
43198
43798
13-98
43.98
43.98
398
13.98
43.98
13.98
5.98
43-98
26411
44.07
10ht
44.107
None
001
406
None
None
None
None
None
1407
None
None
None
4413
44113
44.13
None
44213
4413
14-15
1405
44.15
None
None
None
44.20
44.20
44.20
44.20
44.20
44:20
None
None
None
None
None
None
None
None
None
44121
None
None
44.21
None
None
None
None
None
None
None
None
1430
44.35
44.35
None
44.35
4435
14.35
44135
44744
None
44244
14799
None
None
None
None
None
None
14.49
44-44
44.50
44152
14152
44452
None
None
None
T
None
None
None
None
44.57
44.62
44969
1462
None
None
None
None
None
None
44.62
14162
44562
None
44373
14613
147615
44.73
4473
1413
None
None
None
14-13
None
None
44.81
14.81
14.81
None
None
48
44281
44381
44.81
1481
44.81
44.81
None
None
None
None
None
16
1661
1611
14291
44.91
4491
14.91
None
None
4592
None
None
15202
45.02
1502
45.02
15.02
45.02
15.02
45.02
15.2
45.12
45.12
45.12
$5.12
45.12
45.12
None
None
None
None
None
102
45519
None
4519
4519
45.19
45.19
45.19
15310
15.19
45.19
45.19
15.19
45.39
None
None
None
None
None
45.24
45.24
45.24
45.24
45.24
45.24
None
152
4525
45.25
45.25
45.25
45.25
15.25
45.25
45.25
4525
15.25
45.25
1525
45.25
45.25
5.4
45.25
45.25
45.25
45.25
45.25
45.25
15525
45.25
4525
5.25
None
45.25
45.25
5.25
457.25
45.25
453.25
45.25
45.25
4525
45.25
45.25
None
45.25
4525
45.25
152
45.25
45.25
45.25
457.25
45.25
453.25
1525
45.25
45.25
45.25
45.25
15.25
45.25
None
45.25
45.25
525
45.25
45.25
45.25
45.25
4525
5.25
45.25
45.25
45.25
45.25
15.25
45.25
None
45.25
15.25
45.25
15.25
45.25
None
45.25
1525
None
None
45.25
15145
None
None
45.25
None
45.25
None
525
45.25
None
None
405.25
45.25
45.25
None
None
15.28
45.28
15.20
45.28
45.28
45.28
45.28
45.28
45.28
45.28
45.33
45.33
15.33
533
None
None
45.33
15.33
45.33
45.33
None
5.33
535
None
45.36
45.36
45.36
45.36
45.36
45-36
45.36
45.36
45.36
45/36
45..36
None
45.41
45.41
45.41
45.41
45.41
None
0.4
45.41
45.41
45.41
45-41
1541
4545
None
1545
45.45
45.45
45.45
45.45
45:45
45.45
45.45
15.45
45.45
45.45
1540
45.49
45:49
45.49
45.49
45-49
45.49
45.49
45.49
15.49
4549
45.49
45.55
4555
45355
45.55
45.55
45-55
45.55
45.55
45.55
45.55
4555
45.55
45.52
45.62
46.62
45.62
45.62
45.62
45.62
1562
45-62
45.62
45.62
4562
4562
45:68
45:68
4568
45.68
45.68
45.68
45568
4568
45.68
45.68
4568
45.68
None
None
None
45271
45-71
45.71
95.71
None
None
None
9571
None
None
None
45.74
None
None
45374
5V
None
None
None
4514
45-14
None
15.18
45-78
45..78
None
45.78
None
1578
None
None
45178
1278
4578
45578
45.80
4580
45-80
4580
45.80
45,80
45.80
45.80
45.80
45.80
45.80
45.80
45.85
45785
4585
45.85
45.85
45.85
45.85
45.85
45.85
45.85
45.85
45.85
45.85
15.86
45.86
45.86
45.86
45.86
45.86
45.86
45.86
4586
4586
45186
45186
4519
45792
45:92
45.92
15.92
45.92
45.92
45.92
None
45.92
5.92
15.92
None
45.99
None
66Gt
45.99
15.99
66
None
None
45.99
9.99
4599
45.99
None
46.05
46405
46.05
46.05
605
46.05
46.05
160h
None
None
10.05
16-05
4612
4612
46.12
46.12
46.12
46.12
46.12
46.12
46.12
46.12
46.12
46.12
46.22
46.22
46.22
46.22
46.22
46.22
102
46.22
46.22
46.22
46.22
46.22
162
46.31
46.31
46.31
46.31
46.31
46.31
46.31
4631
46.31
46.31
4631
46731
46.1
46.40
46.40
46.40
46.40
46.40
46.40
46.40
4640
46.40
46.40
46.40
46.40
46.46
46.46
46.46
46/46
46.46
46.46
46.46
46.46
46,46
46.46
46.46
46.46
None
46.57
46.57
46.57
46.57
96.57
46.57
46.57
46.57
46.57
46.57
46.57
46.57
46.67
46.67
46.67
46.67
46.67
46.67
46.67
46.67
46.67
46.67
46.67
46.67
46.
46.74
46.74
46.74
46.74
46.74
46.74
46.74
46.74
46.74
46.74
46.74
46.74
46.85
46.85
46.85
46.85
46.85
46.85
46.85
46.85
46.85
46.85
46.85
46.85
46.95
46.96
46.96
46.96
46.96
46.96
46.96
46.96
46.96
46.96
46.96
46.96
46.96
47.06
47.06
47.06
47.06
47.06
7.06
47.06
4706
47.06
47.06
47.06
4706
47.05
47.15
47.15
4/15
47.15
47.15
4715
47515
4715
47.15
47715
47.15
47.15
None
47.21
47.27
47.27
47.21
47.21
None
47.27
47.27
47-21
47.27
4121
47.39
47.39
47.39
47.39
47.39
47.39
47.39
47.39
47.39
47.39
47.39
47.39
47.39
47.51
47.51
47.51
47.51
47.51
4751
47.51
47.51
47.51
47.51
47.51
47.51
4753
47.59
47.59
47.59
47.59
47.59
47.59
47.59
47.59
47.59
4759
47.59
47.59
47.70
47.70
47.70
47.70
47.70
47.70
None
47.70
47.70
47.70
49.70
4770
47.29
4781
4781
47.81
47.81
47.81
47.81
4781
47.81
47.81
47.81
47.81
47681
4791
47391
47:91
47.91
47.91
47.91
47.91
47.91
47.91
47.91
47.91
47.91
42.91
48.01
48.01
48.01
48.01
48.01
48.01
48.01
48.01
48.01
48.01
48.01
48.01
48.12
48.12
48.12
48.12
48.12
48.12
48.12
48.12
48.12
48.12
48.12
48.12
48.22
48.23
48723
48.23
48.23
48.23
48123
48123
48.23
48.23
48.23
48.23
48.23
48.32
48.32
48.32
48.32
48.32
48.32
48.32
48.32
48.32
48.32
48.32
48.32
48.
48.44
48.44
48744
48.44
48.44
48.44
48.44
48.44
48.44
48.44
48.44
48.44
48.54
48.54
48.54
48.54
48/54
48754
48.54
48.54
48154
None
48154
48154
4855
48.66
48166
48166
48.66
48.66
48.66
48.66
48.66
48.66
48.66
48.66
48.66
48.76
48.76
48.76
48.76
48.76
48.76
48.76
48.76
48.76
48.76
48.76
48.76
48.38
48.88
48.88
48.88
48.88
48188
4888
48.88
48.88
48.88
48.88
48.88
48.88
49.00
49/00
49.00
491400
49.00
49.00
49100
49106
49100
4900
49.00
49.00
061
916t
49.10
49:10
19.10
49.10
49.10
49.10
49.10
49.10
49.10
49.10
49.10
49.17
None
49.17
6t
49.17
4917
49.17
49.17
49.17
1161
None
None
49.2
49.28
8761
49.28
49.28
49.28
49-28
49.28
49.28
49.28
49.28
4928
49.28
49.37
49.37
49.37
49.37
49.37
49.37
19.37
49.37
49.37
49.37
49.37
49.37
49.30
49.46
49.46
49.46
49.46
49.46
49.46
49.46
49.46
49.46
49.46
49.46
49.46
None
None
None
491.54
49.54
49.54
49.54
None
49.54
49.54
t0she
None
49455
4965
4965
49.65
49.65
49.65
49.65
49.65
19.05
C96
49.65
9-65
19.65
None
None
None
None
None
None
None
49.74
10
None
49.74
49.74
4920
4986
49.86
49.86
49.86
49.86
49.86
49.86
49.86
49.86
49.86
49.86
49.86
49.95
49.95
49.95
4995
49795
49295
49.95
49.95
49.95
49.95
49.95
49.95
9.95
50.05
50.05
50.05
50.05
50.05
50.05
50.05
50.05
50:05
50.05
50:05
50.05
50.14
50.14
50.14
50.14
50.14
60.14
50.14
50.14
50.14
50.14
60.14
50.14
50.
50.22
50.22
50.22
50.22
50.22
50.22
50.22
50.22
50.22
50.22
50.22
50.22
02
50.22
50.22
50.22
50.22
50.22
50.22
50.22
50.22
50.22
50.27
50.22
50.22
50.22
50.22
50.22
50.22
50.22
50-22
50.22
50.22
50.22
50.22
50.22
60.22
50.22
50.22
50.22
50.22
50.22
50.22
50.22
50.22
50.22
50.22
50.22
50.22
50.22
50.22
50.22
50.22
50.22
50.22
50.22
50.22
50.22
50.22
50.22
50.22
50.22
50.22
50.22
02
50.22
50.22
5027
50.22
58-22
50.22
None
50-22
50.22
50.22
60.22
50.22
502
50.22
50.22
50.22
50.22
0E2
50.22
502
50.22
50.22
50.22
50.22
50.22
50.22
60.22
50.22
50.22
60.22
50.22
50.22
50.22
50.22
50.22
50.22
50.22
50.22
02
50.22
50.22
50.22
50.22
50.22
50.22
50.22
002
None
50.22
50.22
60.22
60.22
0E2
50.22
None
60.22
502
50.22
50.27
50.22
002
50.22
02
50.22
50.22
5022
0
5027
50.22
60.22
0
5022
50.22
50.22
None
0E4
50.22
50.22
50.22
50.22
60.22
50.22
50.22
50.22
50.22
5022
50.22
50.22
50.22
0022
50.22
50.22
002
50.22
50.22
50.22
02
50.22
5022
50.22
5052
002
0
50.22
50.22
02
None
50.22
50.22
50.22
None
02
502
None
02
50-22
502
50.22
50.22
50.22
02
50.22
None
0
50.22
50.22
50.22
0
002
50.22
50.22
50.22
50.22
50.22
50.22
50.22
50.22
50.22
50.22
50.22
50.22
50.22
0
60.22
50.22
50.22
50.22
50.22
50.22
50.22
50.22
60.22
02
None
50-22
60.22
5022
5027
50.27
0
50.22
60.22
0
5022
502
50.22
02
50.22
50.22
50.22
None
50.22
0E
002
None
02
50.22
50.22
50.22
50.22
50.22
DU
50.22
0
02
60.22
50.22
50.22
50.22
50.22
D0
60.22
50.22
50.22
50.22
50.22
50.22
60.22
02
50.22
50.22
50.22
02
5022
50.22
02
02
5022
502
5027
50.22
50-27
50.22
50.22
02
None
60.22
50.22
02
50.22
0-2
02
50.22
